6001001
6001002
6001003
6001005
6001006
6001007
6042058
6042059
6042060
6042061
6042062
6042063
6042064
6042065
6042066
6042067
6042068
6042069
6042070
6042071
6042072
6042073
6042074
6042075
6042076
6042077
6042078
6042079
6042080
6042081
6042082
6042083
6042084
6042085
6042086
6042087
6042088
6042089
6042090
6042091
6042092
6042093
6042094
6042095
6042096
6042097
6042098
6042099
6042100
6042101
6042102
6042103
6042104
6042105
6042106
6042107
6042108
6042109
6042110
6042111
6042112
6042113
6042114
6042115
6042116
6042117
6042118
6042119
6042120
6042121
6042122
6042123
6042124
6042128
6042129
6042130
6042131
6042132
6042133
6042134
6042138
6042142
6042143
6042144
6042145
6042146
6042175
6042176
6042177
6042178
6042179
6042180
6042181
6042182
6042183
6042184
6042185
6042186
6042187
6042188
6042189
6042190
6042191
6042192
6042193
6042194
6042195
6042196
6042197
6042198
6042199
6042200
6042201
6042202
6042203
6042204
6042205
6042206
6042207
6042208
6042209
6042210
6042211
6042212
6042213
6042214
6042215
6042216
6042217
6042218
6042219
6042220
6042221
6042222
6042227
6042232
6042235
6042236
6042237
6042238
6042239
6042240
6042241
6042242
6042243
6042244
6042245
6042246
6042247
6042248
6042249
6042250
6042260
6042261
6042262
6042264
6042265
6042266
6042267
6042268
6042269
6042270
6042271
6042272
6042273
6042274
6042275
6042276
6042277
6042278
6042279
6042280
6042281
6042282
6042283
6042284
6042285
6042286
6042287
6042288
6042289
6042290
6042291
6042292
6042293
6042294
6042295
6042305
6042308
6042313
6042318
6042323
6042325
6042327
6042328
6042329
6042330
6042331
6042332
6042333
6042334
6042335
6042336
6042337
6042347
6042348
6042358
6042359
6042360
6042361
6042362
6042363
6042364
6042365
6042366
6042367
6042368
6042369
6042370
6042371
6042372
6042375
6042376
6042380
6042381
6042382
6042383
6042384
6042385
6042386
6042387
6042390
6042391
6042392
6042393
6042394
6042395
6042396
6042397
6042398
6042399
6042400
6042401
6042402
6042406
6042407
6042408
6042409
6042410
6042411
6042412
6042413
6042414
6042415
6042416
6042430
6042431
6042432
6042433
6042440
6042441
6042442
6042443
6042444
6042445
6042446
6042447
6042448
6042449
6042450
6042451
6042452
6042453
6042454
6042455
6042456
6042457
6042458
6042459
6042460
6042461
6042462
6042463
6042464
6042465
6042466
6042467
6042468
6042469
6042470
6042471
6042472
6042473
6042474
6042475
6042476
6042477
6042478
6042479
6042480
6042481
6042482
6042483
6042484
6042485
6042486
6042487
6042488
6042489
6042490
6042491
6042492
6042493
6042494
6042495
6042496
6042497
6042498
6042499
6042500
6042501
6042502
6042503
6042504
6042505
6042506
6042507
6042508
6042509
6042510
6042511
6042512
6042513
6042514
6042515
6042516
6042517
6042518
6042519
6042520
6042521
6042522
6042523
6042524
6042525
6042526
6042527
6042528
6042529
6042530
6042531
6042532
6042533
6042534
6042535
6042536
6042537
6042538
6042539
6042540
6042541
6042542
6042543
6042544
6042545
6042546
6042547
6042548
6042549
6042550
6042551
6042552
6042553
6042554
6042555
6042556
6042557
6042567
6042570
6042573
6042576
6042579
6042582
6042585
6042588
6042591
6042594
6042597
6042600
6042603
6042606
6042609
6042612
6042615
6042618
6042621
6042625
6042629
6042633
6042637
6042641
6042645
6042649
6042653
6042657
6042661
6042665
6042669
6042713
6042717
6042721
6042725
6042729
6042733
6042737
6042741
6042745
6042749
6042753
6042757
6042761
6042765
6042769
6042773
6042777
6042780
6042783
6042788
6042793
6042794
6042799
6042804
6042809
6042810
6042811
6042812
6042817
6042821
6042822
6042827
6042832
6042837
6042842
6042847
6042852
6042853
6042854
6042855
6042860
6042861
6042866
6042871
6042872
6042873
6042874
6042875
6042876
6042877
6042879
6042886
6042891
6042896
6042901
6042906
6042907
6042909
6042910
6042911
6042912
6042913
6042922
6042923
6042924
6042929
6042930
6042935
6042936
6042937
6042938
6042939
6042941
6042943
6042944
6042946
6042948
6042952
6042956
6042957
6042962
6042963
6042964
6042965
6042966
6042967
6042968
6042969
6042970
6042971
6042972
6042973
6042974
6042975
6042976
7042066
7042071
7042072
7042073
7042074
7042075
7042076
7042077
7042078
7042079
7042080
7042081
7042082
7042084
7042085
7042086
7042087
7042088
7042089
7042092
7042093
7042095
7042096
7042097
7042098
7042099
7042100
7042101
7042102
7042103
7042104
7042105
7042106
7042107
7042108
7042109
7042110
7042111
7042112
7042113
7042114
7042115
7042116
7042117
7042118
7042119
7042121
7042123
7042124
7042126
7042127
7042128
7042129
7042130
7042131
7042132
7042133
7042134
7042136
7042137
7042138
7042139
7042140
7042141
7042142
7042143
7042144
7042145
7042146
7042147
7042148
7042149
7042150
7042151
7042152
7042153
7042154
7042155
7042156
7042157
7042158
7042159
7042160
7042161
7042162
7042163
7042164
7042165
7042166
7042167
7042168
